"Numero de trabajo","Oficina","Descripcion","Fecha","Tiempo_de_mantenimiento","Numero orden pago","Pagado en caja","Pagado con traspaso de cuenta","Equipos propios"
"4457","Departamento de Química","Software","3/3/2020","3","13611","","30",""
"4458","Laboratorio de Hidraulica","Software","3/4/2020","1","13612","","15",""
"4459","Biblioteca FCYT","Hardware","3/11/2020","1","13614","","650",""
"4460","Laboratorio de Cómputo","Hardware","3/19/2020","1","S/N","","","0"
"4461","Externo","Hardware","3/18/2020","1","13618","50","",""
"4462","Externo","Hardware","8/25/2020","3","13624","25","",""
"4463","Externo","Hardware","3/9/2020","1","13613","25","",""
"4464","Laboratorio de Cómputo","Hardware","3/6/2020","1","S/N","","","0"
"4465","Externo","Software","3/12/2020","1","13616","15","",""
"4466","Externo","Software","3/12/2020","3","13617","20","",""
"4467","Externo","Hardware","3/11/2020","1","13615","50","",""
"4468","Agroquímico CTA","Software","6/26/2020","3","13619","","30",""
"4469","Departamento Informática Sistemas","Software","7/26/2020","1","S/N","","","0"
"4470","Secretaria Informática y Sistemas","Hardware","7/22/2020","1","S/N","","","0"
"4471","Laboratorio de Desarrollo","Software","8/5/2020","3","S/N","","","0"
"4472","Departamento de Química","Hardware","8/13/2020","3","13620","","45",""
"4473","Departamento de Química","Hardware","8/17/2020","1","13621","","40",""
"4474","Caja Facultativa","Hardware","8/18/2020","1","13622","","30",""
"4475","Caja Facultativa","Hardware","8/18/2020","3","13622","","30",""
"4476","Caja Facultativa","Hardware","8/18/2020","2","13622","","30",""
"4477","Caja Facultativa","Hardware","8/18/2020","1","13622","","30",""
"4478","Caja Facultativa","Hardware","8/18/2020","1","13622","","30",""
"4479","Caja Facultativa","Hardware","8/18/2020","1","13622","","30",""
"4480","Laboratorio de Cómputo","Hardware","8/18/2020","1","S/N","","","0"
"4481","Laboratorio de Cómputo","Hardware","8/18/2020","1","S/N","","","0"
"4482","Laboratorio de Cómputo","Hardware","8/19/2020","1","S/N","","","0"
"4483","Laboratorio de Cómputo","Hardware","8/19/2020","1","S/N","","","0"
"4484","Laboratorio de Cómputo","Hardware","8/20/2020","1","S/N","","","0"
"4485","Laboratorio de Cómputo","Hardware","8/20/2020","1","S/N","","","0"
"4486","Externo","Software","8/19/2020","1","13623","15","",""
"4487","Externo","Hardware","8/25/2020","1","13625","115","",""
"4488","CITEMA","Hardware","8/28/2020","2","13630","","35",""
"4489","Departamento de Industrial","Hardware","8/28/2020","1","13628","","35",""
"4490","Externo","Hardware","8/26/2020","1","13626","15","",""
"4491","Biodiversidad y Genética","Software","8/27/2020","1","13627","","90",""
"4492","Laboratorio de Hidraulica","Software","9/15/2020","1","13646","","125",""
"4493","Externo","Hardware","9/2/2020","1","13632","80","",""
"4494","Externo","Hardware","8/31/2020","1","13631","80","",""
"4495","Centro de Biotecnología","Software","9/11/2020","1","13641","90","",""
"4496","Departamento de Química","Hardware","9/2/2020","1","13633","","90",""
"4497","Departamento de Industrial","Hardware","9/7/2020","1","13639","","100",""
"4498","Externo","Hardware","9/4/2020","1","13634","15","",""
"4499","DUEA","Software","9/4/2020","1","13637","","10",""
"4500","Externo","Hardware","9/4/2020","1","13635","50","",""
"4501","Departamento de Química","Software","9/7/2020","1","13638","","50",""
"4502","Laboratorio de Hidraulica","Hardware","9/11/2020","1","13643","","50",""
"4503","Laboratorio de Hidraulica","Hardware","9/11/2020","3","13642","","90",""
"4504","Agroquímico CTA","Hardware","9/8/2020","1","13640","","40",""
"4505","Laboratorio de Cómputo","Hardware","9/9/2020","3","S/N","","","0"
"4506","Laboratorio de Cómputo","Hardware","9/9/2020","1","S/N","","","0"
"4507","Laboratorio de Cómputo","Hardware","9/10/2020","1","S/N","","","0"
"4508","Laboratorio de Cómputo","Hardware","9/10/2020","1","S/N","","","0"
"4509","Laboratorio de Desarrollo","Hardware","9/9/2020","2","S/N","","","0"
"4510","Laboratorio de Cómputo","Hardware","9/11/2020","1","S/N","","","0"
"4511","Laboratorio de Cómputo","Hardware","9/11/2020","1","S/N","","","0"
"4512","Externo","Software","9/11/2020","1","13644","20","",""
"4513","Externo","Software","9/15/2020","1","13645","15","",""
"4514","Externo","Software","9/15/2020","1","13647","10","",""
"4515","Laboratorio de Cómputo","Hardware","9/16/2020","2","S/N","","","0"
"4516","Laboratorio de Cómputo","Hardware","9/16/2020","1","S/N","","","0"
"4517","Externo","Hardware","9/18/2020","3","15451","50","",""
"4518","Externo","Software","9/18/2020","2","13648","25","",""
"4519","Externo","Software","9/16/2020","1","13649","10","",""
"4520","Laboratorio de Cómputo","Hardware","9/17/2020","1","S/N","","","0"
"4521","Laboratorio de Cómputo","Hardware","9/17/2020","1","S/N","","","0"
"4522","Externo","Software","9/17/2020","1","13650","10","",""
"4523","Laboratorio de Cómputo","Hardware","9/18/2020","1","S/N","","","0"
"4524","Laboratorio de Cómputo","Hardware","9/18/2020","1","S/N","","","0"
"4525","Externo","Hardware","9/21/2020","3","15452","100","",""
"4526","Laboratorio de Cómputo","Hardware","9/21/2020","1","S/N","","","0"
"4527","Laboratorio de Cómputo","Hardware","9/21/2020","1","S/N","","","0"
"4528","Laboratorio de Hidraulica","Software","9/21/2020","1","15453","","60",""
"4529","Externo","Hardware","10/6/2020","1","15468","30","",""
"4530","Centro de Alimentos","Hardware","9/22/2020","1","15454","","40",""
"4531","Centro de Alimentos","Hardware","9/22/2020","1","15455","","40",""
"4532","Centro de Alimentos","Hardware","9/22/2020","2","15456","","40",""
"4533","Laboratorio de Cómputo","Hardware","9/23/2020","2","S/N","","","0"
"4534","Laboratorio de Cómputo","Hardware","9/23/2020","3","S/N","","","0"
"4535","Externo","Hardware","9/28/2020","3","15459","70","",""
"4536","Laboratorio de Cómputo","Hardware","9/24/2020","1","S/N","","","0"
"4537","Laboratorio de Cómputo","Hardware","9/24/2020","1","S/N","","","0"
"4538","Laboratorio de Cómputo","Hardware","9/28/2020","1","S/N","","","0"
"4539","Laboratorio de Cómputo","Hardware","9/28/2020","1","S/N","","","0"
"4540","Departamento de Química","Hardware","9/25/2020","1","15458","","60",""
"4541","CPD","Hardware","9/28/2020","1","15460","","90",""
"4542","Externo","Software","9/25/2020","1","15457","10","",""
"4543","Externo","Software","9/28/2020","2","15461","10","",""
"4544","Laboratorio de Cómputo","Hardware","10/6/2020","3","S/N","","","0"
"4545","Laboratorio de Cómputo","Hardware","10/6/2020","1","S/N","","","0"
"4546","Externo","Software","10/5/2020","1","15466","10","",""
"4547","Externo","Software","10/6/2020","1","15471","15","",""
"4548","Agroquímico CTA","Software","10/6/2020","3","15470","","25",""
"4549","Externo","Software","9/30/2020","1","15462","10","",""
"4550","Centro de Alimentos","Software","10/5/2020","2","15467","","50",""
"4551","Departamento de Industrial","Hardware","10/2/2020","1","15464","","15",""
"4552","Externo","Hardware","10/5/2020","3","15465","90","",""
"4553","Externo","Hardware","10/2/2020","1","15463","10","",""
"4554","Centro de Biotecnología","Hardware","10/5/2020","1","15469","","160",""
"4555","Centro de Biotecnología","Hardware","10/6/2020","2","15473","40","",""
"4556","Externo","Software","10/7/2020","1","15474","15","",""
"4557","Externo","Hardware","10/8/2020","1","15476","60","",""
"4558","Externo","Software","10/7/2020","1","15475","10","",""
"4559","Laboratorio de Cómputo","Hardware","10/8/2020","3","S/N","","","0"
"4560","Laboratorio de Cómputo","Hardware","10/8/2020","1","S/N","","","0"
"4561","Laboratorio de Cómputo","Hardware","10/8/2020","1","S/N","","","0"
"4562","Laboratorio de Cómputo","Hardware","10/8/2020","1","S/N","","","0"
"4563","Laboratorio de Cómputo","Hardware","10/12/2020","1","S/N","","","0"
"4564","Laboratorio de Cómputo","Hardware","10/12/2020","1","S/N","","","0"
"4565","Agroquímico CTA","Hardware","10/12/2020","1","15478","","50",""
"4566","Externo","Software","10/9/2020","2","15477","10","",""
"4567","Departamento Informática Sistemas","Hardware","10/9/2020","3","S/N","","","0"
"4568","Laboratorio de Cómputo","Hardware","10/12/2020","1","S/N","","","0"
"4569","Laboratorio de Cómputo","Hardware","10/12/2020","1","S/N","","","0"
"4570","Externo","Software","10/12/2020","1","15479","10","",""
"4571","Laboratorio de Cómputo","Hardware","10/13/2020","3","S/N","","","0"
"4572","Laboratorio de Cómputo","Hardware","10/13/2020","1","S/N","","","0"
"4573","Externo","Software","10/15/2020","1","15482","60","",""
"4574","Externo","Software","10/14/2020","1","15480","50","",""
"4575","Laboratorio de Hidraulica","Hardware","11/10/2020","1","15494","","100",""
"4576","Externo","Software","10/15/2020","1","15481","20","",""
"4577","Externo","Hardware","10/19/2020","1","15484","15","",""
"4578","Externo","Software","10/15/2020","1","15483","10","",""
"4579","Laboratorio de Cómputo","Hardware","10/19/2020","1","S/N","","","0"
"4580","Laboratorio de Cómputo","Hardware","10/19/2020","2","S/N","","","0"
"4581","Laboratorio de Cómputo","Hardware","10/16/2020","1","S/N","","","0"
"4582","Laboratorio de Cómputo","Hardware","10/16/2020","1","S/N","","","0"
"4583","Laboratorio de Cómputo","Hardware","10/19/2020","1","S/N","","","0"
"4584","Laboratorio de Cómputo","Hardware","10/19/2020","1","S/N","","","0"
"4585","Laboratorio de Cómputo","Hardware","10/21/2020","2","S/N","","","0"
"4586","Externo","Software","10/23/2020","1","15486","60","",""
"4587","Laboratorio de Cómputo","Hardware","10/20/2020","1","S/N","","","0"
"4588","Laboratorio de Cómputo","Hardware","10/20/2020","1","S/N","","","0"
"4589","Externo","Software","10/21/2020","2","15485","15","",""
"4590","Laboratorio de Cómputo","Hardware","10/21/2020","1","S/N","","","0"
"4591","Departamento Informática Sistemas","Hardware","10/21/2020","1","S/N","","","0"
"4592","Laboratorio de Cómputo","Hardware","10/23/2020","1","S/N","","","0"
"4593","Laboratorio de Cómputo","Hardware","10/23/2020","1","S/N","","","0"
"4594","Instituto de Investigación","Hardware","10/23/2020","1","15487","","30",""
"4595","Laboratorio de Cómputo","Hardware","10/26/2020","1","S/N","","","0"
"4596","Laboratorio de Cómputo","Hardware","10/26/2020","1","S/N","","","0"
"4597","Centro de Aguas","Hardware","10/26/2020","3","15488","","30",""
"4598","Externo","Software","10/26/2020","1","15489","10","",""
"4599","Instituto de Investigación","Hardware","10/26/2020","1","15490","","30",""
"4600","Instituto de Investigación","Hardware","10/26/2020","2","15490","","50",""
"4601","Instituto de Investigación","Hardware","10/26/2020","1","15490","","60",""
"4602","Laboratorio de Cómputo","Hardware","10/27/2020","1","S/N","","","0"
"4603","Laboratorio de Cómputo","Hardware","10/27/2020","1","S/N","","","0"
"4604","Laboratorio de Cómputo","Hardware","10/28/2020","1","S/N","","","0"
"4605","Laboratorio de Cómputo","Hardware","10/28/2020","1","S/N","","","0"
"4606","Decanato","Hardware","11/6/2020","1","15491","","100",""
"4607","Laboratorio de Cómputo","Hardware","11/4/2020","1","S/N","","","0"
"4608","Laboratorio de Cómputo","Hardware","11/4/2020","1","S/N","","","0"
"4609","Externo","Hardware","11/24/2020","1","15492","100","",""
"4610","Laboratorio de Cómputo","Hardware","11/5/2020","1","S/N","","","0"
"4611","Laboratorio de Cómputo","Hardware","11/5/2020","1","S/N","","","0"
"4612","Laboratorio de Cómputo","Hardware","11/9/2020","1","S/N","","","0"
"4613","Laboratorio de Cómputo","Hardware","11/9/2020","1","S/N","","","0"
"4614","Externo","Software","11/24/2020","1","15493","10","",""
"4615","Laboratorio de Cómputo","Hardware","11/9/2020","1","S/N","","","0"
"4616","Laboratorio de Cómputo","Hardware","11/9/2020","1","S/N","","","0"
"4617","Departamento de Química","Hardware","11/11/2020","1","15496","","50",""
"4618","Externo","Software","11/24/2020","1","15495","10","",""
"4619","Laboratorio de Cómputo","Hardware","11/10/2020","1","S/N","","","0"
"4620","Laboratorio de Cómputo","Hardware","11/23/2020","1","S/N","","","0"
"4621","Laboratorio de Cómputo","Hardware","11/10/2020","1","S/N","","","0"
"4622","Externo","Hardware","11/24/2020","3","15497","30","",""
"4623","Externo","Hardware","11/24/2020","1","15499","70","",""
"4624","Laboratorio de Cómputo","Hardware","11/16/2020","1","S/N","","","0"
"4625","Laboratorio de Cómputo","Hardware","11/16/2020","1","S/N","","","0"
"4626","Laboratorio de Cómputo","Hardware","11/18/2020","1","S/N","","","0"
"4627","Laboratorio de Cómputo","Hardware","11/18/2020","3","S/N","","","0"
"4628","Externo","Software","11/24/2020","1","15498","10","",""
"4629","Laboratorio de Cómputo","Hardware","11/20/2020","1","S/N","","","0"
"4630","Laboratorio de Cómputo","Hardware","11/20/2020","1","S/N","","","0"
"4631","Externo","Hardware","11/24/2020","3","15500","90","",""
"4632","Agroquímico CTA","Hardware","11/20/2020","1","15652","","60",""
"4633","Externo","Software","11/24/2020","3","15653","15","",""
"4634","Laboratorio de Cómputo","Hardware","11/20/2020","1","S/N","","","0"
"4635","Secretaria Administrativa","Hardware","11/20/2020","1","15651","","40",""
"4636","Laboratorio de Cómputo","Hardware","11/23/2020","3","S/N","","","0"
"4637","Externo","Software","11/25/2020","3","15654","50","",""
"4638","Laboratorio de Cómputo","Hardware","11/25/2020","1","S/N","","","0"
"4639","Laboratorio de Cómputo","Hardware","11/25/2020","1","S/N","","","0"
"4640","Externo","Hardware","11/27/2020","3","15655","100","",""
"4641","Laboratorio de Cómputo","Hardware","11/26/2020","2","S/N","","","0"
"4642","Laboratorio de Cómputo","Hardware","11/26/2020","1","S/N","","","0"
"4643","Departamento Informática Sistemas","Hardware","11/26/2020","1","S/N","","","0"
"4644","Centro de Biotecnología","Software","11/27/2020","1","15656","40","",""
"4645","Laboratorio de Cómputo","Hardware","11/27/2020","1","S/N","","","0"
"4646","Laboratorio de Cómputo","Hardware","11/27/2020","1","S/N","","","0"
"4647","Laboratorio de Cómputo","Hardware","11/30/2020","1","S/N","","","0"
"4648","Laboratorio de Cómputo","Hardware","11/30/2020","1","S/N","","","0"
"4649","Laboratorio de Cómputo","Hardware","11/30/2020","1","S/N","","","0"
"4650","Laboratorio de Cómputo","Hardware","11/30/2020","1","S/N","","","0"
"4651","Externo","Hardware","12/1/2020","1","15658","100","",""
"4652","Centro de Alimentos","Software","12/2/2020","1","15657","","50",""
"4653","Laboratorio de Cómputo","Hardware","12/2/2020","2","S/N","","","0"
"4654","Laboratorio de Cómputo","Hardware","12/2/2020","1","S/N","","","0"
"4655","Centro de Alimentos","Hardware","12/2/2020","1","15659","","60",""
"4656","Laboratorio de Cómputo","Hardware","12/3/2020","1","S/N","","","0"
"4657","Laboratorio de Cómputo","Hardware","12/3/2020","1","S/N","","","0"
"4658","Externo","Software","12/3/2020","1","15660","25","",""
"4659","Laboratorio de Cómputo","Hardware","12/3/2020","1","S/N","","","0"
"4660","Laboratorio de Cómputo","Hardware","12/3/2020","1","S/N","","","0"
"4661","Laboratorio de Cómputo","Hardware","12/4/2020","1","S/N","","","0"
"4662","Laboratorio de Cómputo","Hardware","12/4/2020","1","S/N","","","0"
"4663","Laboratorio de Cómputo","Hardware","12/7/2020","1","S/N","","","0"
"4664","Laboratorio de Cómputo","Hardware","12/7/2020","1","S/N","","","0"
"4665","Laboratorio de Cómputo","Hardware","12/7/2020","1","S/N","","","0"
"4666","Laboratorio de Cómputo","Hardware","12/7/2020","1","S/N","","","0"
"4667","Laboratorio de Cómputo","Hardware","12/8/2020","1","S/N","","","0"
"4668","Laboratorio de Cómputo","Hardware","12/8/2020","3","S/N","","","0"
"4669","Laboratorio de Cómputo","Hardware","12/9/2020","1","S/N","","","0"
"4670","Laboratorio de Cómputo","Hardware","12/9/2020","3","S/N","","","0"
"4671","Laboratorio de Cómputo","Hardware","12/9/2020","1","S/N","","","0"
"4672","Laboratorio de Cómputo","Hardware","12/9/2020","1","S/N","","","0"
"4673","Agroquímico CTA","Hardware","12/10/2020","1","15661","","90",""
"4674","Laboratorio de Cómputo","Hardware","12/10/2020","2","S/N","","","0"
"4675","Laboratorio de Cómputo","Hardware","12/10/2020","1","S/N","","","0"
"4676","Laboratorio de Cómputo","Hardware","12/10/2020","1","S/N","","","0"
"4677","Agroquímico CTA","Hardware","12/14/2020","1","15663","","20",""
"4678","Externo","Hardware","12/14/2020","1","15662","30","",""
"4679","Laboratorio de Cómputo","Hardware","12/16/2020","1","S/N","","","0"
"4680","Externo","Hardware","12/18/2020","2","15664","100","",""
"4681","Externo","Software","12/21/2020","1","15666","15","",""
"4682","Agroquímico CTA","Software","12/18/2020","3","15665","","15",""
"4683","Externo","Software","12/23/2020","2","15667","15","",""
"4684","Externo","Hardware","12/23/2020","1","15668","75","",""
"4685","Bienes e Inventarios (Externo)","Hardware","1/4/2021","1","15669","10","",""
"4686","Externo","Hardware","1/7/2021","1","15670","15","",""
"4687","Laboratorio de Desarrollo","Hardware","12/29/2020","1","S/N","","","0"
"4688","Almacenes","Hardware","1/7/2021","1","15670","","65",""
"4689","Externo","Hardware","1/8/2021","1","15671","60","",""
"4690","Centro de Alimentos","Hardware","1/8/2021","3","15672","","40",""
"4691","Externo","Hardware","1/12/2021","1","15673","","20",""
"4692","Externo","Hardware","1/21/2021","1","15675","90","",""
"4693","Externo","Hardware","1/18/2021","1","15674","90","",""
"4694","Archivos","Hardware","1/21/2021","1","15679","","10",""
"4695","Direccion Academica","Hardware","1/21/2021","1","15677","","30",""
"4696","Centro de Alimentos","Hardware","1/21/2021","1","15680","","60",""
"4697","Almacenes","Hardware","1/21/2021","2","15678","","10",""
"4698","Externo","Software","1/21/2021","2","15676","10","",""
"4699","Laboratorio de Cómputo","Hardware","3/23/2021","1","S/N","","","0"
"4700","Laboratorio de Cómputo","Hardware","3/23/2021","1","S/N","","","0"
"4701","Laboratorio de Cómputo","Hardware","3/23/2021","1","S/N","","","0"
"4702","Laboratorio de Cómputo","Hardware","3/23/2021","1","S/N","","","0"
"4703","Laboratorio de Cómputo","Hardware","3/23/2021","1","S/N","","","0"
"4704","Laboratorio de Cómputo","Hardware","3/23/2021","2","S/N","","","0"
"4705","Laboratorio de Cómputo","Hardware","3/24/2021","1","S/N","","","0"
"4706","Laboratorio de Cómputo","Hardware","3/24/2021","3","S/N","","","0"
"4707","Laboratorio de Cómputo","Hardware","3/24/2021","1","S/N","","","0"
"4708","Laboratorio de Cómputo","Hardware","3/24/2021","1","S/N","","","0"
"4709","Externo","Software","3/25/2021","2","15681","20","",""
"4710","Laboratorio de Cómputo","Hardware","3/25/2021","3","S/N","","","0"
"4711","Laboratorio de Cómputo","Hardware","3/25/2021","1","S/N","","","0"
"4712","Laboratorio de Cómputo","Hardware","3/25/2021","1","S/N","","","0"
"4713","Laboratorio de Cómputo","Hardware","3/25/2021","1","S/N","","","0"
"4714","Laboratorio de Cómputo","Hardware","3/25/2021","1","S/N","","","0"
"4715","Laboratorio de Cómputo","Hardware","3/26/2021","1","S/N","","","0"
"4716","Laboratorio de Cómputo","Hardware","3/26/2021","1","S/N","","","0"
"4717","Laboratorio de Cómputo","Hardware","3/26/2021","2","S/N","","","0"
"4718","Laboratorio de Cómputo","Hardware","3/26/2021","1","S/N","","","0"
"4719","Laboratorio de Cómputo","Hardware","3/26/2021","1","S/N","","","0"
"4720","Laboratorio de Cómputo","Hardware","3/29/2021","1","S/N","","","0"
"4721","Laboratorio de Cómputo","Hardware","3/29/2021","1","S/N","","","0"
"4722","Laboratorio de Cómputo","Hardware","3/29/2021","1","S/N","","","0"
"4723","Laboratorio de Cómputo","Hardware","3/29/2021","2","S/N","","","0"
"4724","Laboratorio de Cómputo","Hardware","3/29/2021","1","S/N","","","0"
"4725","Laboratorio de Cómputo","Hardware","3/29/2021","1","S/N","","","0"
"4726","Laboratorio de Cómputo","Hardware","3/29/2021","3","S/N","","","0"
"4727","Laboratorio de Cómputo","Hardware","3/29/2021","1","S/N","","","0"
"4728","Laboratorio de Cómputo","Hardware","3/29/2021","1","S/N","","","0"
"4729","Laboratorio de Cómputo","Hardware","3/30/2021","1","S/N","","","0"
"4730","Laboratorio de Cómputo","Hardware","3/30/2021","1","S/N","","","0"
"4731","Laboratorio de Cómputo","Hardware","3/30/2021","3","S/N","","","0"
"4732","Laboratorio de Cómputo","Hardware","3/30/2021","3","S/N","","","0"
"4733","Centro de Alimentos","Software","3/30/2021","1","15683","","15",""
"4734","Centro de Alimentos","Software","3/30/2021","1","15682","","15",""
"4735","Externo","Software","3/30/2021","1","15684","10","",""
"4736","Externo","Software","3/30/2021","1","15684","10","",""
"4737","Laboratorio de Cómputo","Hardware","3/31/2021","1","S/N","","","0"
"4738","Laboratorio de Cómputo","Hardware","3/31/2021","1","S/N","","","0"
"4739","Laboratorio de Cómputo","Hardware","3/31/2021","1","S/N","","","0"
"4740","Laboratorio de Cómputo","Hardware","3/31/2021","1","S/N","","","0"
"4741","Departamento Informática Sistemas","Hardware","3/31/2021","3","S/N","","","0"
"4742","Laboratorio de Cómputo","Hardware","4/1/2021","1","S/N","","","0"
"4743","Laboratorio de Cómputo","Hardware","4/1/2021","1","S/N","","","0"
"4744","Laboratorio de Cómputo","Hardware","4/5/2021","2","S/N","","","0"
"4745","Laboratorio de Cómputo","Hardware","4/5/2021","1","S/N","","","0"
"4746","Laboratorio de Cómputo","Hardware","4/5/2021","1","S/N","","","0"
"4747","Laboratorio de Cómputo","Hardware","4/5/2021","3","S/N","","","0"
"4748","Externo","Hardware","4/5/2021","1","15685","100","",""
"4749","Laboratorio de Cómputo","Hardware","4/5/2021","1","S/N","","","0"
"4750","Laboratorio de Cómputo","Hardware","4/5/2021","2","S/N","","","0"
"4751","Laboratorio de Cómputo","Hardware","4/5/2021","1","S/N","","","0"
"4752","Laboratorio de Cómputo","Hardware","4/6/2021","3","S/N","","","0"
"4753","Laboratorio de Cómputo","Hardware","4/6/2021","1","S/N","","","0"
"4754","Laboratorio de Cómputo","Hardware","4/6/2021","1","S/N","","","0"
"4755","Laboratorio de Cómputo","Hardware","4/6/2021","1","S/N","","","0"
"4756","Laboratorio de Cómputo","Hardware","4/6/2021","3","S/N","","","0"
"4757","Laboratorio de Cómputo","Hardware","4/7/2021","2","S/N","","","0"
"4758","Laboratorio de Cómputo","Hardware","4/7/2021","1","S/N","","","0"
"4759","Laboratorio de Cómputo","Hardware","4/7/2021","1","S/N","","","0"
"4760","Laboratorio de Cómputo","Hardware","4/7/2021","1","S/N","","","0"
"4761","Laboratorio de Cómputo","Hardware","4/8/2021","1","S/N","","","0"
"4762","Laboratorio de Cómputo","Hardware","4/8/2021","1","S/N","","","0"
"4763","Laboratorio de Cómputo","Hardware","4/8/2021","1","S/N","","","0"
"4764","Laboratorio de Cómputo","Hardware","4/8/2021","2","S/N","","","0"
"4765","Laboratorio de Cómputo","Hardware","4/9/2021","2","S/N","","","0"
"4766","Laboratorio de Cómputo","Hardware","4/9/2021","1","S/N","","","0"
"4767","Laboratorio de Cómputo","Hardware","4/9/2021","3","S/N","","","0"
"4768","Laboratorio de Cómputo","Hardware","4/9/2021","1","S/N","","","0"
"4769","Externo","Hardware","4/9/2021","2","15687","120","",""
"4770","Externo","Software","4/8/2021","1","15686","10","",""
"4771","Laboratorio de Desarrollo","Hardware","4/9/2021","1","S/N","","","0"
"4772","Externo","Hardware","4/12/2021","1","15690","15","",""
"4773","Laboratorio de Cómputo","Hardware","4/12/2021","1","S/N","","","0"
"4774","Laboratorio de Cómputo","Hardware","4/12/2021","1","S/N","","","0"
"4775","Laboratorio de Cómputo","Hardware","4/13/2021","1","S/N","","","0"
"4776","Laboratorio de Cómputo","Hardware","4/13/2021","1","S/N","","","0"
"4777","Laboratorio de Cómputo","Hardware","4/13/2021","1","S/N","","","0"
"4778","Laboratorio de Cómputo","Hardware","4/13/2021","1","S/N","","","0"
"4779","Laboratorio de Cómputo","Hardware","4/13/2021","2","S/N","","","0"
"4780","Centro de Alimentos","Hardware","4/12/2021","3","15689","","50",""
"4781","Externo","Software","4/12/2021","1","15688","10","",""
"4782","Centro de Alimentos","Hardware","4/12/2021","1","15691","","50",""
"4783","Laboratorio de Cómputo","Hardware","4/14/2021","1","S/N","","","0"
"4784","Laboratorio de Cómputo","Hardware","4/14/2021","2","S/N","","","0"
"4785","Laboratorio de Cómputo","Hardware","4/14/2021","1","S/N","","","0"
"4786","Laboratorio de Cómputo","Hardware","4/14/2021","1","S/N","","","0"
"4787","Laboratorio de Cómputo","Hardware","4/15/2021","1","S/N","","","0"
"4788","Laboratorio de Cómputo","Hardware","4/15/2021","1","S/N","","","0"
"4789","Laboratorio de Cómputo","Hardware","4/15/2021","1","S/N","","","0"
"4790","Laboratorio de Cómputo","Hardware","4/15/2021","1","S/N","","","0"
"4791","Laboratorio de Cómputo","Hardware","4/14/2021","1","S/N","","","0"
"4792","Externo","Software","4/15/2021","3","15692","10","",""
"4793","Centro de Alimentos","Software","4/15/2021","1","15693","15","",""
"4794","Departamento de Química","Hardware","4/19/2021","3","15694","","70",""
"4795","Laboratorio de Cómputo","Hardware","4/16/2021","1","S/N","","","0"
"4796","Laboratorio de Cómputo","Hardware","4/16/2021","1","S/N","","","0"
"4797","Laboratorio de Cómputo","Hardware","4/16/2021","1","S/N","","","0"
"4798","Laboratorio de Cómputo","Hardware","4/16/2021","1","S/N","","","0"
"4799","Externo","Hardware","4/19/2021","1","15695","15","",""
"4800","Departamento de Química","Hardware","4/19/2021","3","15697","","100",""
"4801","Externo","Hardware","4/20/2021","1","15696","60","",""
"4802","Laboratorio de Cómputo","Hardware","4/21/2021","1","S/N","","","0"
"4803","Laboratorio de Cómputo","Hardware","4/21/2021","2","S/N","","","0"
"4804","Laboratorio de Cómputo","Hardware","4/21/2021","1","S/N","","","0"
"4805","Laboratorio de Cómputo","Hardware","4/21/2021","1","S/N","","","0"
"4806","Laboratorio de Cómputo","Hardware","4/21/2021","1","S/N","","","0"
"4807","Externo","Software","6/17/2021","1","17364","30","",""
"4808","Laboratorio de Cómputo","Hardware","4/22/2021","1","S/N","","","0"
"4809","Laboratorio de Cómputo","Hardware","4/22/2021","1","S/N","","","0"
"4810","Laboratorio de Cómputo","Hardware","4/22/2021","1","S/N","","","0"
"4811","Laboratorio de Cómputo","Hardware","4/22/2021","1","S/N","","","0"
"4812","PDTF","Hardware","4/23/2021","1","15698","","35",""
"4813","Centro de Alimentos","Hardware","4/23/2021","1","15699","","50",""
"4814","Laboratorio de Cómputo","Hardware","4/26/2021","1","S/N","","","0"
"4815","Laboratorio de Cómputo","Hardware","4/26/2021","1","S/N","","","0"
"4816","Laboratorio de Cómputo","Hardware","4/26/2021","3","S/N","","","0"
"4817","Laboratorio de Cómputo","Hardware","4/26/2021","3","S/N","","","0"
"4818","Laboratorio de Cómputo","Hardware","4/26/2021","1","S/N","","","0"
"4819","Laboratorio de Cómputo","Hardware","4/26/2021","1","S/N","","","0"
"4820","Laboratorio de Cómputo","Hardware","4/28/2021","1","S/N","","","0"
"4821","Laboratorio de Cómputo","Hardware","4/28/2021","1","S/N","","","0"
"4822","Laboratorio de Cómputo","Hardware","4/28/2021","1","S/N","","","0"
"4823","Laboratorio de Cómputo","Hardware","4/28/2021","1","S/N","","","0"
"4824","Externo","Software","4/27/2021","1","15700","10","",""
"4825","Departamento de Civil","Hardware","5/5/2021","1","17355","","10",""
"4826","Departamento de Civil","Hardware","5/5/2021","1","17355","","10",""
"4827","Departamento de Civil","Hardware","5/5/2021","1","17355","","10",""
"4828","Laboratorio de Cómputo","Hardware","5/6/2021","3","S/N","","","0"
"4829","Laboratorio de Cómputo","Hardware","5/6/2021","1","S/N","","","0"
"4830","Laboratorio de Cómputo","Hardware","5/6/2021","1","S/N","","","0"
"4831","Laboratorio de Cómputo","Hardware","5/6/2021","1","S/N","","","0"
"4832","Departamento de Física","Software","5/3/2021","3","17354","","50",""
"4833","Instituto de Investigación","Hardware","5/4/2021","1","17353","","35",""
"4834","Externo","Software","4/30/2021","1","17352","10","",""
"4835","Externo","Software","5/6/2021","1","17357","10","",""
"4836","Oficina Educativa","Hardware","5/6/2021","1","17356","","10",""
"4837","Laboratorio de Cómputo","Hardware","5/6/2021","2","S/N","","","0"
"4838","Centro de Alimentos","Hardware","8/31/2021","1","18119","","20",""
"4839","Laboratorio de Cómputo","Hardware","5/10/2021","1","S/N","","","0"
"4840","Externo","Software","5/11/2021","1","17358","10","",""
"4841","Laboratorio de Cómputo","Hardware","5/14/2021","1","S/N","","","0"
"4842","Laboratorio de Cómputo","Hardware","5/12/2021","1","S/N","","","0"
"4843","Externo","Software","5/14/2021","1","17359","10","",""
"4844","Laboratorio de Cómputo","Hardware","5/14/2021","1","S/N","","","0"
"4845","Laboratorio de Cómputo","Hardware","5/14/2021","3","S/N","","","0"
"4846","Carrera Biología","Hardware","5/18/2021","1","17361","","10",""
"4847","Laboratorio de Cómputo","Hardware","5/20/2021","1","S/N","","","0"
"4848","Instituto de Investigación","Hardware","5/19/2021","1","17362","","65",""
"4849","Instituto de Investigación","Software","5/20/2021","1","17360","","10",""
"4850","Departamento Informática Sistemas","Hardware","6/16/2021","1","S/N","","","0"
"4851","Secretaria Administrativa","Hardware","6/15/2021","1","17365","","40",""
"4852","Laboratorio de Cómputo","Hardware","6/18/2021","1","S/N","","","0"
"4853","CEIA","Hardware","6/15/2021","1","17366","","260",""
"4854","Departamento de Física","Software","6/17/2021","1","17367","","60",""
"4855","Bienes e Inventarios (Externo)","Hardware","6/23/2021","1","17370","","40",""
"4856","Externo","Hardware","6/18/2021","1","17368","120","",""
"4857","Agroquímico CTA","Software","6/22/2021","1","17369","","70",""
"4858","Laboratorio de Cómputo","Hardware","6/18/2021","1","S/N","","","0"
"4859","Laboratorio de Cómputo","Hardware","6/18/2021","1","S/N","","","0"
"4860","Laboratorio de Cómputo","Hardware","6/23/2021","2","S/N","","","0"
"4861","Departamento Informática Sistemas","Hardware","6/22/2021","1","S/N","","","0"
"4862","Laboratorio de Hidraulica","Hardware","6/23/2021","3","17371","","10",""
"4863","Externo","Software","6/28/2021","1","17372","30","",""
"4864","Agroquímico CTA","Hardware","6/30/2021","1","17373","","15",""
"4865","Externo","Software","7/2/2021","1","17374","70","",""
"4866","Agroquímico CTA","Software","7/8/2021","1","17379","","20",""
"4867","Externo","Software","7/12/2021","1","17380","30","",""
"4868","Agroquímico CTA","Software","7/12/2021","1","17381","","40",""
"4869","Agroquímico CTA","Software","7/6/2021","1","17376","","30",""
"4870","Externo","Hardware","7/5/2021","2","17375","10","",""
"4871","Secretaria Informática y Sistemas","Hardware","7/5/2021","1","S/N","","","0"
"4872","Decanato","Hardware","7/8/2021","1","17378","","80",""
"4873","Externo","Software","7/12/2021","1","17383","50","",""
"4874","Agroquímico CTA","Hardware","7/12/2021","1","17382","","30",""
"4875","Externo","Hardware","7/13/2021","1","17384","50","",""
"4876","Laboratorio de Cómputo","Hardware","7/13/2021","2","S/N","","","0"
"4877","Laboratorio de Chagas","Hardware","7/21/2021","1","17394","","100",""
"4878","Agroquímico CTA","Hardware","7/16/2021","1","17385","","50",""
"4879","Agroquímico CTA","Hardware","7/16/2021","3","17386","","50",""
"4880","Decanato","Hardware","7/19/2021","1","17387","","50",""
"4881","Agroquímico CTA","Hardware","7/19/2021","1","17388","","50",""
"4882","Agroquímico CTA","Hardware","7/19/2021","1","17389","","15",""
"4883","Posgrado de Tecnologia(Externo)","Hardware","7/22/2021","1","17397","15","",""
"4884","Agroquímico CTA","Hardware","1/21/2021","3","17391","","50",""
"4885","Agroquímico CTA","Hardware","7/26/2021","3","17399","","50",""
"4886","Instituto de Investigación","Hardware","7/21/2021","1","17393","","30",""
"4887","Instituto de Investigación","Hardware","7/22/2021","1","17396","","30",""
"4888","Instituto de Investigación","Hardware","7/22/2021","1","17395","","100",""
"4889","Instituto de Investigación","Hardware","7/22/2021","1","17398","","100",""
"4890","Externo","Hardware","7/28/2021","1","18103","10","",""
"4891","Agroquímico CTA","Hardware","7/26/2021","1","17400","","15",""
"4892","Externo","Hardware","7/27/2021","1","18102","60","",""
"4893","Oficina Educativa","Hardware","7/27/2021","1","18101","","65",""
"4894","Laboratorio de Cómputo","Hardware","8/2/2021","2","S/N","","","0"
"4895","Agroquímico CTA","Hardware","7/28/2021","1","18104","","15",""
"4896","Departamento de Física","Hardware","8/2/2021","1","18107","","10",""
"4897","Laboratorio de Chagas","Hardware","8/2/2021","2","18106","","50",""
"4898","Externo","Software","8/17/2021","1","18108","50","",""
"4899","Externo","Software","8/17/2021","1","18109","10","",""
"4900","Laboratorio de Cómputo","Hardware","8/27/2021","3","S/N","","","0"
"4901","Laboratorio de Cómputo","Hardware","8/20/2021","1","S/N","","","0"
"4902","Centro de Biotecnología","Hardware","8/23/2021","1","18110","","20",""
"4903","Externo","Software","8/25/2021","2","18112","60","",""
"4904","Oficina Educativa","Hardware","8/23/2021","1","18111","","50",""
"4905","Externo","Software","8/26/2021","3","18116","60","",""
"4906","Centro de Biotecnología","Hardware","8/25/2021","1","18113","","100",""
"4907","Externo","Software","8/25/2021","1","18114","10","",""
"4908","Externo","Hardware","8/25/2021","1","18115","15","",""
"4909","Externo","Hardware","8/26/2021","3","18117","60","",""
"4910","Laboratorio de Cómputo","Hardware","8/27/2021","2","S/N","","","0"
"4911","Laboratorio de Cómputo","Hardware","8/27/2021","1","S/N","","","0"
"4912","Laboratorio de Cómputo","Hardware","9/1/2021","1","S/N","","","0"
"4913","Centro de Alimentos","Software","8/31/2021","1","18118","","10",""
"4914","Centro de Alimentos","Software","8/31/2021","1","18120","","15",""
"4915","Agroquímico CTA","Hardware","9/1/2021","2","18121","","15",""
"4916","Externo","Hardware","9/2/2021","1","18122","60","",""
"4917","Agroquímico CTA","Hardware","9/3/2021","3","18123","","60",""
"4918","Laboratorio de Cómputo","Software","9/8/2021","1","S/N","","","0"
"4919","Departamento de Química","Hardware","9/3/2021","2","18124","","60",""
"4920","Departamento de Química","Hardware","9/6/2021","1","18126","","30",""
"4921","Departamento de Química","Hardware","9/6/2021","1","18125","","100",""
"4922","Centro de Alimentos","Software","9/6/2021","1","18127","","10",""
"4923","Departamento de Química","Software","9/10/2021","1","18131","","60",""
"4924","Externo","Software","9/9/2021","1","18128","10","",""
"4925","Externo","Software","9/9/2021","1","18129","10","",""
"4926","Externo","Software","9/9/2021","1","18130","10","",""
"4927","Secretaria Informática y Sistemas","Hardware","9/9/2021","1","S/N","","","0"
"4928","Carrera Biología","Hardware","9/10/2021","1","18132","","50",""
"4929","Externo","Software","9/10/2021","2","18133","50","",""
"4930","Externo","Hardware","9/17/2021","3","18143","120","",""
"4931","Externo","Software","9/13/2021","1","18134","10","",""
"4932","Externo","Software","9/13/2021","1","18135","10","",""
"4933","Externo","Software","9/13/2021","1","18137","20","",""
"4934","Externo","Software","9/13/2021","2","18138","10","",""
"4935","Externo","Software","9/13/2021","1","18136","10","",""
"4936","Externo","Hardware","9/16/2021","1","18140","70","",""
"4937","Externo","Software","9/16/2021","1","18139","50","",""
"4938","Secretaria Administrativa","Hardware","9/17/2021","1","S/N","","0",""
"4939","Externo","Software","9/17/2021","1","18141","10","",""
"4940","Agroquímico CTA","Software","9/20/2021","1","18144","","10",""
"4941","Externo","Hardware","9/23/2021","1","18145","30","",""
"4942","Externo","Software","9/22/2021","3","18146","30","",""
"4943","Externo","Software","9/22/2021","1","18147","10","",""
"4944","Externo","Software","9/22/2021","3","18148","25","",""
"4945","Externo","Software","9/23/2021","1","18149","10","",""
"4946","Externo","Software","9/27/2021","1","18150","30","",""
"4947","Externo","Hardware","9/30/2021","1","19101","30","",""
"4948","Externo","Software","10/1/2021","1","19102","10","",""
"4949","Externo","Software","10/4/2021","1","19104","10","",""
"4950","Externo","Software","10/4/2021","2","19103","10","",""
"4951","Laboratorio de Cómputo","Hardware","10/6/2021","1","S/N","","","0"
"4952","Departamento de Física","Hardware","10/8/2021","1","19106","","100",""
"4953","Laboratorio de Cómputo","Hardware","10/7/2021","1","S/N","","","0"
"4954","Externo","Hardware","10/8/2021","1","19105","100","",""
"4955","Externo","Software","10/11/2021","1","19108","10","",""
"4956","Externo","Software","10/11/2021","1","19107","10","",""
"4957","Departamento de Civil","Hardware","10/14/2021","1","19109","","80",""
"4958","Laboratorio de Hidraulica","Hardware","10/15/2021","1","19110","","100",""
"4959","Centro de Alimentos","Software","10/15/2021","1","19112","","20",""
"4960","Centro de Alimentos","Software","10/15/2021","1","19111","","20",""
"4961","Instituto de Investigación","Software","10/15/2021","1","19113","","20",""
"4962","Instituto de Investigación","Software","10/15/2021","1","19114","","10",""
"4963","Agroquímico CTA","Software","10/22/2021","3","19117","","25",""
"4964","Centro de Alimentos","Hardware","10/22/2021","3","19116","","70",""
"4965","Externo","Software","10/22/2021","1","19115","10","",""
"4966","Externo","Hardware","10/22/2021","1","19119","60","",""
"4967","Centro de Aguas","Hardware","10/22/2021","1","19118","","60",""
"4968","Externo","Software","10/25/2021","1","19120","10","",""
"4969","Externo","Software","10/26/2021","1","19121","10","",""
"4970","Decanato","Hardware","10/26/2021","1","19122","","30",""
"4971","Decanato","Hardware","10/27/2021","1","19123","","60",""
"4972","Direccion Academica","Hardware","10/28/2021","3","19124","","30",""
"4973","Laboratorio de Desarrollo","Hardware","11/30/2021","1","S/N","","","0"
"4974","Kardex","Hardware","11/10/2021","1","192125","","50",""
"4975","Oficina Educativa","Hardware","11/10/2021","3","192126","","",""
"4976","Laboratorio de Cómputo","Hardware","11/12/2021","1","S/N","","","0"
"4977","Biblioteca FCYT","Hardware","11/16/2021","1","19127","","50",""
"4978","Biblioteca FCYT","Hardware","11/16/2021","1","19127","","50",""
"4979","Biblioteca FCYT","Hardware","11/16/2021","3","19127","","50",""
"4980","Biblioteca FCYT","Hardware","11/16/2021","1","19127","","50",""
"4981","Biblioteca FCYT","Hardware","11/16/2021","1","19127","","50",""
"4982","Biblioteca FCYT","Hardware","11/16/2021","1","19127","","50",""
"4983","Biblioteca FCYT","Hardware","11/16/2021","1","19127","","100",""
"4984","Biblioteca FCYT","Hardware","11/16/2021","2","19127","","10",""
"4985","Oficina Educativa","Hardware","11/17/2021","1","19129","","70",""
"4986","Externo","Software","11/17/2021","1","19128","10","",""
"4987","Limnologia","Hardware","11/19/2021","1","19131","","100",""
"4988","Centro de Alimentos","Hardware","11/19/2021","1","19130","","50",""
"4989","Externo","Hardware","11/23/2021","1","19132","100","",""
"4990","Laboratorio de Hidraulica","Hardware","11/23/2021","1","19133","","10",""
"4991","Agroquímico CTA","Hardware","11/29/2021","1","19135","","530",""
"4992","Departamento de Física","Hardware","11/26/2021","3","19134","","5",""
"4993","Departamento de Física","Hardware","11/26/2021","1","19134","","5",""
"4994","Departamento de Física","Hardware","11/26/2021","1","19134","","5",""
"4995","Departamento de Física","Hardware","11/26/2021","1","19134","","5",""
"4996","Departamento de Física","Hardware","11/26/2021","1","19134","","5",""
"4997","Centro de Alimentos","Hardware","11/30/2021","1","19136","","60",""
"4998","Externo","Software","12/1/2021","1","19137","10","",""
"4999","Laboratorio de Cómputo","Hardware","12/3/2021","1","S/N","","","0"
"5000","Laboratorio de Cómputo","Hardware","12/3/2021","1","S/N","","","0"
"5001","Departamento de Mecanica","Hardware","12/6/2021","1","19138","","50",""
"5002","Departamento de Industrial","Hardware","12/7/2021","1","19139","","260",""
"5003","Externo","Hardware","12/8/2021","1","19140","30","",""
"5004","Agroquímico CTA","Software","12/10/2021","1","19141","","300",""
"5005","Agroquímico CTA","Software","12/10/2021","1","19141","","300",""
"5006","Externo","Software","12/14/2021","1","19143","60","",""
"5007","Externo","Hardware","12/14/2021","2","19142","70","",""
"5008","Instituto de Investigación","Software","12/16/2021","1","19144","","20",""
"5009","Centro de Alimentos","Software","12/20/2021","3","19146","","60",""
"5010","Externo","Hardware","12/21/2021","1","19147","60","",""
"5011","Externo","Software","12/23/2021","1","19148","10","",""
"5012","Departamento de Industrial","Hardware","12/28/2021","2","19149","","30",""
"5013","Externo","Hardware","12/30/2021","3","19150","30","",""
"5014","Laboratorio de Mantenimiento","Hardware","12/31/2021","1","S/N","","","0"
"5015","Secretaria Administrativa","Hardware","12/5/2021","1","19907","","25",""
"5016","Almacenes","Hardware","3/14/2022","1","901","","25",""
"5017","Instituto de Investigación","Hardware","3/11/2022","1","902","","25",""
"5018","Centro de Biotecnología","Hardware","3/15/2022","1","904","","30",""
"5019","Instituto de Investigación","Hardware","3/16/2022","1","S/N","","30",""
"5020","Departamento Informática Sistemas","Hardware","3/17/2022","1","S/N","","","90"
"5021","Instituto de Investigación","Hardware","3/21/2022","3","S/N","","50",""
"5022","Instituto de Investigación","Hardware","3/21/2022","1","S/N","","50",""
"5023","Externo","Software","3/21/2022","1","906","10","",""
"5024","Externo","Software","3/22/2022","1","907","10","",""
"5025","Externo","Software","3/22/2022","2","908","10","",""
"5026","Externo","Software","3/22/2022","1","909","10","",""
"5027","Externo","Software","3/22/2022","3","911","10","",""
"5028","Agroquímico CTA","Hardware","3/23/2022","1","914","","110",""
"5029","Instituto de Investigación","Hardware","3/23/2022","3","913","","30",""
"5030","Externo","Hardware","3/23/2022","1","912","25","",""
"5031","Externo","Hardware","3/23/2022","1","910","50","",""
"5032","Externo","Hardware","3/23/2022","1","915","20","",""
"5033","Externo","Hardware","3/25/2022","3","S/N","10","",""
"5034","Externo","Software","3/28/2022","1","916","10","",""
"5035","Centro de Alimentos","Software","3/28/2022","1","917","","10",""
"5036","Externo","Software","3/28/2022","1","918","10","",""
"5037","Externo","Software","3/28/2022","1","919","10","",""
"5038","Externo","Software","3/29/2022","1","920","10","",""
"5039","Departamento de Física","Hardware","3/29/2022","1","921","","40",""
"5040","Externo","Software","3/30/2022","1","922","10","",""
"5042","Externo","Hardware","3/30/2022","1","923","30","",""
"5043","Departamento Informática Sistemas","Hardware","4/1/2022","1","S/N","","","25"
"5045","Externo","Software","4/1/2022","1","925","10","",""
"5046","Externo","Software","4/4/2022","2","927","10","",""
"5047","Externo","Software","4/4/2022","1","928","10","",""
"5048","Externo","Software","4/4/2022","1","929","10","",""
"5050","Externo","Software","4/4/2022","1","930","10","",""
"5051","Departamento de Química","Hardware","4/5/2022","3","932","","15",""
"5052","Externo","Software","4/5/2022","1","931","10","",""
"5054","Matemáticas","Hardware","4/5/2022","1","934","","50",""
"5055","Externo","Software","4/5/2022","3","935","10","",""
"5056","Externo","Hardware","4/6/2022","2","940","50","",""
"5057","Laboratorio de Hidraulica","Hardware","4/6/2022","2","938","","60",""
"5058","Externo","Software","4/6/2022","2","936","10","",""
"5059","Externo","Software","4/6/2022","1","937","10","",""
"5060","Externo","Software","4/7/2022","3","939","10","",""
"5061","Externo","Software","4/7/2022","1","941","30","",""
"5062","Bienes e inventarios","Software","4/8/2022","1","942","","10",""
"5063","Externo","Software","4/8/2022","1","944","10","",""
"5064","Externo","Software","4/8/2022","1","946","10","",""
"5065","Laboratorio de Chagas","Hardware","4/8/2022","1","1270","","120",""
"5066","Externo","Software","4/11/2022","1","947","10","",""
"5067","Externo","Software","4/11/2022","1","948","10","",""
"5068","Externo","Software","4/11/2022","1","949","10","",""
"5069","Externo","Software","4/11/2022","1","950","10","",""
"5070","Externo","Software","4/11/2022","1","1251","10","",""
"5071","Externo","Software","4/11/2022","1","1252","10","",""
"5072","Externo","Software","4/11/2022","3","1253","10","",""
"5073","Externo","Software","4/13/2022","1","1254","10","",""
"5074","Limnologia","Hardware","4/14/2022","1","1255","","70",""
"5075","Departamento de Química","Hardware","4/14/2022","1","1256","","50",""
"5076","Departamento de Química","Hardware","4/14/2022","3","1260","","15",""
"5077","Externo","Software","4/14/2022","3","1256","10","",""
"5078","Externo","Software","4/14/2022","1","1259","10","",""
"5079","Laboratorio de Cómputo","Hardware","4/14/2022","1","S/N","","","25"
"5080","Externo","Software","4/18/2022","2","1263","10","",""
"5081","Externo","Software","4/18/2022","1","1262","10","",""
"5082","Informaciones","Hardware","4/18/2022","1","1265","","50",""
"5083","Departamento de Civil","Hardware","4/19/2022","1","1266","","50",""
"5084","Departamento de Civil","Hardware","4/19/2022","1","1267","","50",""
"5085","Externo","Software","4/19/2022","1","1268","10","",""
"5086","Departamento de Civil","Hardware","4/19/2022","1","1267","","50",""
"5087","Laboratorio de Chagas","Hardware","4/20/2022","1","1270","","120",""
"5088","Externo","Software","4/21/2022","1","1271","10","",""
"5089","Externo","Software","4/21/2022","1","1273","10","",""
"5090","Departamento de Industrial","Software","4/21/2022","1","1274","","50",""
"5091","Externo","Software","4/22/2022","1","1275","10","",""
"5092","Centro de Biotecnología","Hardware","4/22/2022","3","1278","","110",""
"5093","Externo","Software","4/25/2022","2","1276","10","",""
"5094","Externo","Software","4/25/2022","1","1277","10","",""
"5095","Externo","Hardware","4/27/2022","2","1290","120","",""
"5096","Biodiversidad y Genética","Hardware","4/27/2022","1","1279","","60",""
"5097","Externo","Software","4/29/2022","1","1280","25","",""
"5098","Externo","Hardware","5/3/2022","1","1290","120","",""
"5099","Externo","Software","5/4/2022","1","1283","10","",""
"5100","Externo","Software","5/5/2022","3","1285","10","",""
"5101","Bienes e inventarios","Hardware","4/29/2022","1","1286","","110",""
"5102","Externo","Software","5/6/2022","1","1287","10","",""
"5103","Externo","Software","5/6/2022","1","1300","10","",""
"5104","Externo","Hardware","5/6/2022","3","1289","70","",""
"5105","Externo","Software","5/6/2022","1","1291","50","",""
"5106","Departamento de Química","Hardware","5/9/2022","1","1293","","50",""
"5107","Externo","Software","5/9/2022","1","1292","10","",""
"5108","Externo","Hardware","5/9/2022","2","1294","50","",""
"5109","Externo","Hardware","5/9/2022","1","1295","15","",""
"5110","Secretaria Administrativa","Hardware","5/10/2022","1","1296","","15",""
"5111","Departamento de Física","Hardware","5/10/2022","1","1609","","80",""
"5112","Externo","Software","5/6/2022","1","1298","40","",""
"5113","Externo","Software","5/12/2022","1","1601","10","",""
"5114","Centro de Alimentos","Hardware","5/11/2022","1","1602","","50",""
"5115","Centro de Alimentos","Hardware","5/11/2022","1","1603","","50",""
"5116","Centro de Alimentos","Hardware","5/12/2022","1","1604","","30",""
"5117","Laboratorio de Cómputo","Hardware","5/13/2022","2","S/N","","","50"
"5118","Centro de Alimentos","Software","5/13/2022","1","1606","","20",""
"5119","Centro de Alimentos","Software","5/13/2022","1","1605","","20",""
"5120","Externo","Software","5/16/2022","1","1607","10","",""
"5121","Centro de Alimentos","Hardware","5/16/2022","1","1608","","50",""
"5122","Departamento de Civil","Software","5/18/2022","1","1610","","50",""
"5123","Externo","Software","5/18/2022","1","1611","10","",""
"5124","Externo","Software","5/18/2022","1","1612","10","",""
"5125","Externo","Hardware","5/19/2022","1","1613","50","",""
"5126","Externo","Software","5/19/2022","1","1614","15","",""
"5127","Externo","Software","5/19/2022","1","1614","10","",""
"5128","Laboratorio de Cómputo","Hardware","5/19/2022","1","S/N","","","30"
"5129","Externo","Software","5/30/2022","1","1615","10","",""
"5130","Externo","Software","6/1/2022","2","1616","40","",""
"5131","Externo","Software","6/2/2022","1","1617","50","",""
"5132","Externo","Hardware","6/3/2022","1","1618","100","",""
"5133","Externo","Hardware","6/6/2022","1","1619","15","",""
"5134","Externo","Hardware","6/7/2022","1","1620","40","",""
"5135","Departamento de Química","Hardware","6/8/2022","3","1621","","100",""
"5136","Externo","Software","6/9/2022","1","1622","10","",""
"5137","Externo","Hardware","6/9/2022","1","1623","90","",""
"5138","Externo","Hardware","6/13/2022","3","1624","20","",""
"5139","Kardex","Hardware","6/14/2022","1","1625","","50",""
"5140","Externo","Software","6/15/2022","1","1626","10","",""
"5141","Externo","Software","6/14/2022","1","1627","35","",""
"5142","Externo","Hardware","6/17/2022","2","1628","70","",""
"5143","Centro de Biotecnología","Software","6/23/2022","1","1631","50","",""
"5144","PDTF","Hardware","6/23/2022","3","1633","","100",""
"5145","Departamento Informática Sistemas","Hardware","6/26/2022","1","S/N","","","30"
"5146","Externo","Software","6/17/2022","1","1632","15","",""
"5148","Externo","Software","6/29/2022","1","1637","20","",""
"5149","Externo","Hardware","6/29/2022","3","1635","50","",""
"5150","Departamento de Química","Hardware","7/1/2022","1","1639","","50",""
"5151","Centro de Alimentos","Hardware","7/5/2022","1","1638","","40",""
"5152","Agroquímico CTA","Hardware","7/6/2022","1","1640","","100",""
"5153","Centro de Alimentos","Hardware","7/7/2022","2","1641","","20",""
"5154","Externo","Hardware","7/5/2022","1","1643","70","",""
"5155","Externo","Hardware","7/11/2022","1","1642","10","",""
"5156","Agroquímico CTA","Hardware","7/13/2022","1","1644","","50",""
"5157","Externo","Software","7/13/2022","1","1646","30","",""
"5158","Externo","Software","7/15/2022","3","1647","60","",""
"5159","Departamento Informática Sistemas","Hardware","7/20/2022","1","S/N","","","30"
"5160","Departamento Informática Sistemas","Hardware","7/22/2022","1","S/N","","","25"
"5161","Instituto de Investigación","Hardware","7/27/2022","1","1648","","30",""
"5163","Externo","Hardware","8/3/2022","1","1650","30","",""
"5164","Externo","Hardware","8/2/2022","1","2601","110","",""
"5165","Externo","Hardware","8/15/2022","1","2602","70","",""
"5166","Caja Facultativa","Hardware","8/22/2022","1","2604","","35",""
"5167","Caja Facultativa","Hardware","8/22/2022","1","2604","","35",""
"5168","Caja Facultativa","Hardware","8/22/2022","3","2604","","35",""
"5169","Caja Facultativa","Hardware","8/22/2022","1","2604","","35",""
"5170","Caja Facultativa","Hardware","8/22/2022","1","2604","","35",""
"5171","Caja Facultativa","Hardware","8/22/2022","1","2604","","35",""
"5172","Caja Facultativa","Hardware","8/22/2022","2","2604","","35",""
"5173","Agroquímico CTA","Software","8/22/2022","1","2603","","10",""
"5174","Caja Facultativa","Hardware","8/24/2022","3","2604","","35",""
"5175","Externo","Hardware","8/24/2022","1","2605","70","",""
"5176","Agroquímico CTA","Hardware","8/24/2022","3","2606","","110",""
"5177","Externo","Software","8/24/2022","1","2607","10","",""
"5178","Caja Facultativa","Software","8/22/2022","1","2604","","35",""
"5179","Laboratorio de Hidraulica","Hardware","8/16/2022","1","2608","","40",""
"5180","Laboratorio de Hidraulica","Hardware","8/16/2022","3","2608","","40",""
"5181","Laboratorio de Hidraulica","Hardware","8/16/2022","1","2608","","40",""
"5182","Externo","Software","8/29/2022","1","2609","70","",""
"5183","Centro de Alimentos","Hardware","8/31/2022","1","2610","","70",""
"5184","Centro de Alimentos","Hardware","8/31/2022","1","2611","","70",""
"5185","Departamento de Química","Hardware","9/1/2022","1","2612","","100",""
"5186","Departamento Informática Sistemas","Hardware","9/5/2022","1","S/N","","","50"
"5187","Laboratorio de Cómputo","Software","9/15/2022","1","S/N","","","15"
"5188","Laboratorio de Cómputo","Software","9/15/2022","1","S/N","","","15"
"5189","Centro de Alimentos","Hardware","9/20/2022","1","2613","","60",""
"5190","Externo","Hardware","9/21/2022","1","2615","65","",""
"5191","Departamento de Civil","Hardware","9/6/2022","2","2614","","150",""
"5192","Laboratorio de Cómputo","Software","9/22/2022","1","S/N","","","15"
"5194","Laboratorio de Cómputo","Hardware","9/27/2022","1","S/N","","","50"
"5195","Departamento Informática Sistemas","Software","9/27/2022","1","S/N","","","35"
"5196","Externo","Software","9/28/2022","3","2617","10","",""
"5197","Informaciones","Hardware","9/28/2022","1","2618","","50",""
"5198","Laboratorio de Cómputo","Hardware","9/28/2022","1","S/N","","","50"
"5199","Secretaria Administrativa","Hardware","9/28/2022","3","2619","","40",""
"5200","Externo","Hardware","9/28/2022","2","2620","60","",""
"5201","Almacenes","Software","9/30/2022","2","2621","","20",""
"5203","Externo","Software","10/3/2022","3","2623","10","",""
"5204","Externo","Software","10/3/2022","1","2624","10","",""
"5205","Departamento Informática Sistemas","Software","10/6/2022","1","S/N","","","20"
"5207","Externo","Software","10/5/2022","1","2626","10","",""
"5209","Instituto de Investigación","Software","10/11/2022","1","2627","","60",""
"5210","Laboratorio de Cómputo","Software","10/13/2022","1","S/N","","","15"
"5211","Laboratorio de Cómputo","Software","10/13/2022","1","S/N","","","15"
"5212","Laboratorio de Cómputo","Software","10/13/2022","1","S/N","","","15"
"5213","Centro de Alimentos","Hardware","10/10/2022","1","2630","","60",""
"5214","Departamento de Industrial","Hardware","10/12/2022","1","2631","","60",""
"5215","Externo","Software","10/19/2022","1","2632","25","",""
"5216","Externo","Software","10/24/2022","1","2633","10","",""
"5217","Externo","Software","10/24/2022","3","2634","10","",""
"5218","Externo","Software","10/25/2022","1","2635","20","",""
"5219","Externo","Software","10/26/2022","1","2636","60","",""
"5220","Matemáticas","Software","10/26/2022","1","2638","","110",""
"5221","Matemáticas","Hardware","10/27/2022","3","2639","","60",""
"5222","Departamento de Civil","Hardware","10/28/2022","3","2640","","100",""
"5223","Externo","Software","10/27/2022","1","2641","60","",""
"5224","Externo","Software","10/31/2022","1","2642","10","",""
"5225","Departamento Informática Sistemas","Hardware","10/31/2022","2","S/N","","","70"
"5226","Instituto de Investigación","Hardware","10/21/2022","1","2643","","40",""
"5227","Departamento de Física","Software","11/3/2022","1","2644","","10",""
"5228","Departamento de Física","Software","11/3/2022","1","2645","","10",""
"5229","Kardex","Hardware","11/10/2022","1","2646","","40",""
"5230","Carrera Biología","Software","11/15/2022","1","2647","","30",""
"5231","Externo","Software","11/16/2022","1","3752","50","",""
"5232","Agroquímico CTA","Software","11/17/2022","1","3751","","20",""
"5233","Carrera Biología","Hardware","11/16/2022","1","3753","","80",""
"5234","Servicios Generales","Software","11/24/2022","1","S/N","","0",""
"5235","Externo","Hardware","11/21/2022","3","3754","70","",""
"5236","Centro de Alimentos","Hardware","11/29/2022","2","3755","","70",""
"5237","Externo","Hardware","12/5/2022","1","3756","20","",""
"5238","Matemáticas","Hardware","12/8/2022","1","3757","","30",""
"5239","Departamento de Química","Software","12/12/2022","1","3758","","25",""
"5240","Externo","Hardware","12/13/2022","1","3759","25","",""
"5241","División de Activos Fijos","Hardware","12/14/2022","1","3760","","25",""
"5242","Externo","Software","12/14/2022","1","3761","10","",""
"5243","Externo","Hardware","12/22/2022","1","3762","70","",""
"5244","Externo","Software","12/27/2022","3","3763","10","",""
"5245","Externo","Software","12/27/2022","1","3764","20","",""
"5246","Laboratorio de Cómputo","Hardware","12/28/2022","1","S/N","","","1,650"
"5247","Laboratorio de Cómputo","Hardware","12/28/2022","3","S/N","","","1,400"
"5248","Laboratorio de Cómputo","Hardware","12/28/2022","1","S/N","","","1,400"
"5249","Laboratorio de Cómputo","Hardware","12/28/2022","1","S/N","","","100"
"5250","Externo","Software","12/28/2022","1","3765","20","",""
"5251","Departamento Informática Sistemas","Hardware","12/30/2022","2","S/N","","","15"
"5252","Laboratorio de Cómputo","Hardware","12/30/2022","1","S/N","","","15"
"5253","Laboratorio de Desarrollo","Hardware","12/30/2022","1","S/N","","","50"
"5254","Externo","Software","1/6/2023","3","3766","15","",""
"5255","Laboratorio de Desarrollo","Hardware","1/18/2023","1","S/N","","",""
"5256","Laboratorio de Hidraulica","Hardware","1/10/2023","1","3768","","60",""
"5258","Oficina Educativa","Hardware","1/14/2023","2","3769","","0",""
"5259","Matemáticas","Hardware","1/13/2023","1","3770","","60",""
"5260","Externo","Hardware","1/18/2023","3","3771","80","",""
"5261","Laboratorio de Desarrollo","Hardware","1/18/2023","1","S/N","","",""
"5262","Servicios Generales","Hardware","1/19/2023","1","3772","","70",""
"5263","Kardex","Hardware","1/26/2023","1","3773","","50",""
"5264","Externo","Software","1/26/2023","1","3774","10","",""
"5265","Externo","Software","1/31/2023","3","3778","10","",""
"5266","Externo","Software","1/31/2023","1","3776","10","",""
"5267","Externo","Software","1/31/2023","2","3778","10","",""
"5268","Externo","Software","1/31/2023","2","3779","10","",""
"5269","Externo","Software","1/31/2023","1","3780","10","",""
"5270","Centro de Alimentos","Software","2/8/2023","1","3782","","50",""
"5273","Externo","Hardware","2/16/2023","1","3783","30","",""
"5274","Externo","Hardware","2/23/2023","1","3784","120","",""
"5275","Externo","Hardware","2/28/2023","1","3785","10","",""
"5276","Externo","Software","3/1/2023","1","3786","10","",""
"5278","Valle Sajta","Hardware","3/2/2023","3","S/N","","",""
"5279","Externo","Software","3/2/2023","1","3787","10","",""
"5281","Valle Sajta","Hardware","3/2/2023","1","S/N","","",""
"5282","Externo","Software","3/7/2023","1","3788","15","",""
"5283","Externo","Software","3/7/2023","1","3789","20","",""
"5284","Almacenes","Software","3/8/2023","1","3790","","30",""
"5286","Externo","Software","3/8/2023","3","3791","10","",""
"5288","Centro de Aguas","Hardware","3/17/2023","1","3793","","30",""
"5289","Externo","Software","3/21/2023","1","3794","15","",""
"5290","Externo","Software","3/21/2023","1","3795","30","",""
"5291","Externo","Software","3/22/2023","1","3796","10","",""
"5293","Laboratorio de Cómputo","Hardware","3/23/2023","1","S/N","","","0"
"5294","Externo","Software","3/24/2023","1","3797","15","",""
"5295","Centro de Aguas","Software","3/28/2023","1","3798","","30",""
"5296","Externo","Software","3/28/2023","1","3799","10","",""
"5297","Externo","Software","3/28/2023","2","3800","10","",""
"5298","Centro de Alimentos","Software","3/31/2023","1","4951","","20",""
"5300","Laboratorio de Hidraulica","Hardware","3/28/2023","1","4953","","15",""
"5301","Externo","Software","4/6/2023","1","4955","10","",""
"5302","Externo","Software","4/6/2023","1","4956","10","",""
"5303","Externo","Software","4/6/2023","1","4957","10","",""
"5304","Laboratorio de Cómputo","Hardware","4/10/2023","1","S/N","","",""
"5305","Centro de Alimentos","Hardware","4/3/2023","1","4962","","15",""
"5306","Externo","Hardware","3/3/2023","2","4966","15","",""
"5307","División de Activos Fijos","Hardware","4/6/2023","1","4965","","30",""
"5308","Externo","Hardware","4/6/2023","1","4964","100","",""
"5309","Externo","Software","4/6/2023","1","4960","10","",""
"5310","Externo","Software","4/10/2023","1","4963","10","",""
"5311","Laboratorio de Cómputo","Hardware","4/11/2023","1","S/N","","",""
"5312","Laboratorio de Cómputo","Software","4/12/2023","2","S/N","","",""
"5315","Externo","Software","4/11/2023","3","4967","10","",""
"5316","Externo","Hardware","4/12/2023","1","4968","20","",""
"5317","Centro de Aguas","Hardware","4/13/2023","2","4971","","40",""
"5318","Externo","Software","4/13/2023","1","4970","60","",""
"5319","Externo","Hardware","4/14/2023","1","4969","15","",""
"5320","Secretaria Informática y Sistemas","Hardware","4/14/2023","3","S/N","","","60"
"5321","Externo","Software","4/17/2023","1","4972","10","",""
"5322","Laboratorio de Cómputo","Hardware","4/17/2023","1","S/N","","","20"
"5323","Externo","Software","4/14/2023","1","4973","10","",""
"5324","Externo","Hardware","4/18/2023","1","4974","15","",""
"5325","Laboratorio de Cómputo","Software","4/18/2023","1","S/N","","","40"
"5326","Laboratorio de Cómputo","Software","4/18/2023","3","S/N","","","20"
"5327","Laboratorio de Cómputo","Software","4/18/2023","1","S/N","","","20"
"5329","Externo","Software","4/18/2023","1","4975","10","",""
"5331","Matemáticas","Hardware","4/19/2023","1","4978","","60",""
"5332","Matemáticas","Hardware","4/19/2023","1","4977","","60",""
"5333","Externo","Software","4/20/2023","1","4979","10","",""
"5335","Externo","Software","4/24/2023","2","4981","10","",""
"5336","Secretaria Informática y Sistemas","Software","4/24/2023","1","S/N","","","10"
"5337","Instituto de Investigación","Software","4/25/2023","1","4982","","40",""
"5338","Externo","Software","4/25/2023","1","4983","10","",""
"5339","Laboratorio de Cómputo","Hardware","4/26/2023","1","","","",""
"5340","Instituto de Investigación","Hardware","4/26/2023","3","","","",""
"5343","Externo","Software","4/27/2023","3","4988","30","",""
"5344","Externo","Software","4/27/2023","1","4986","15","",""
"5345","Externo","Software","4/26/2023","1","4987","90","",""
"5346","Laboratorio de Cómputo","Hardware","4/28/2023","1","","","",""
"5347","Laboratorio de Cómputo","Hardware","4/28/2023","1","","","",""
"5348","Laboratorio de Cómputo","Software","5/3/2023","1","4989","10","",""
"5349","Externo","Hardware","5/4/2023","1","4990","15","",""
"5350","Externo","Hardware","5/8/2023","1","4991","100","",""
"5351","Externo","Software","5/8/2023","1","4992","10","",""
"5352","Externo","Hardware","5/9/2023","1","4994","80","",""
"5353","Externo","Hardware","5/10/2023","1","4995","80","",""
"5354","Externo","Hardware","5/11/2023","2","S/N","","","30"
"5355","Laboratorio de Cómputo","Hardware","5/11/2023","3","S/N","","","10"
"5358","Laboratorio de Cómputo","Hardware","5/15/2023","1","4999","","40",""
"5359","Proyecto Tamborada","Software","5/15/2023","1","5000","15","",""
"5360","Externo","Software","5/15/2023","1","5651","10","",""
"5361","Externo","Hardware","5/17/2023","1","S/N","","","40"
"5362","Laboratorio de Cómputo","Hardware","5/17/2023","1","S/N","","","40"
"5363","Laboratorio de Cómputo","Hardware","5/29/2023","1","","","",""
"5364","Biodiversidad y Genética","Software","5/17/2023","1","5652","10","",""
"5365","Externo","Hardware","5/18/2023","1","5653","70","",""
"5367","Externo","Software","5/22/2023","1","5655","10","",""
"5368","Externo","Hardware","5/29/2023","1","5658","120","",""
"5369","Externo","Hardware","5/29/2023","1","5657","15","",""
"5370","Externo","Software","5/30/2023","1","5659","10","",""
"5371","Externo","Software","5/31/2023","1","5660","60","",""
"5399","Externo","Hardware","4/3/2023","1","4959","30","",""
